lastAccountName: jerdawg5
timestamps:
  login: 1442020772034
  logout: 1442020859907
ipAddress: 71.245.6.95
logoutlocation:
  world: world
  x: 329.3371360324043
  y: 81.0
  z: 204.56391931668085
  yaw: 105.18857
  pitch: -90.0
