lastlocation:
  world: world
  x: 417.7998531452438
  y: 76.12492539813239
  z: 223.57159486706956
  yaw: -223.29024
  pitch: 45.451927
lastAccountName: ClockOLot
timestamps:
  login: 1450849814513
  lastteleport: 1450849852069
  logout: 1450650971360
  kits:
    bowfight: 1450050254442
    hyperpvp: 1450050280461
    firework: 1440381565476
    color: 1440381561307
    starter: 1450051837711
    turbo: 1450050221224
    notch: 1440381552752
    dtools: 1440381536994
    pro: 1450050195375
    tools: 1442710584330
    hyper: 1443909173516
ipAddress: 99.117.114.62
money: '1067679327346.0'
logoutlocation:
  world: world
  x: 329.5001172570701
  y: 72.0
  z: 204.474520271644
  yaw: 184.07593
  pitch: 3.6863496
godmode: false
powertools:
  '341':
  - restart
nickname: "\xa7bRyan"
afk: false
homes:
  home:
    world: world
    x: 1349.4239295071104
    y: 66.0
    z: 290.4587363717262
    yaw: -325.81494
    pitch: 51.094242
  apply:
    world: world
    x: 307.54983194135156
    y: 53.0
    z: 195.30301595688798
    yaw: -2.4168708
    pitch: -10.2089205
  secret:
    world: world
    x: 380.9362622705243
    y: 57.0
    z: 425.96984421296565
    yaw: 342.90247
    pitch: 28.271309
