lastAccountName: darkslayer268
timestamps:
  login: 1442710931368
  logout: 1442711039954
ipAddress: 69.244.44.83
logoutlocation:
  world: world
  x: 330.0307042300871
  y: 71.0
  z: 207.36880974985317
  yaw: 196.37628
  pitch: 5.033173
