lastAccountName: TheLegendOfShaz
timestamps:
  login: 1442714796822
  logout: 1442714840496
ipAddress: 71.32.248.230
lastlocation:
  world: world
  x: 330.2392157208087
  y: 153.0
  z: 204.0864156011204
  yaw: -200.70056
  pitch: -180.0
logoutlocation:
  world: world
  x: 328.47471932929636
  y: 70.10408037809304
  z: 222.41301632581036
  yaw: 186.87677
  pitch: -180.0
