lastAccountName: Miner_of_all
timestamps:
  login: 1442790086270
  logout: 1442791929907
ipAddress: 70.117.163.198
lastlocation:
  world: world
  x: 301.9840579687064
  y: 68.0
  z: 175.76195597753065
  yaw: -347.48584
  pitch: 5.0217724
logoutlocation:
  world: world
  x: 314.37126058841704
  y: 68.0
  z: 182.84218821886964
  yaw: 48.01777
  pitch: 1.8408134
