lastAccountName: Beatle32
timestamps:
  login: 1442706204149
  logout: 1442706364207
ipAddress: 72.95.55.199
logoutlocation:
  world: world
  x: 329.0721554412701
  y: 71.0
  z: 239.22155728530933
  yaw: 173.76878
  pitch: 12.78249
