money: '500.0'
lastAccountName: theratterrees
timestamps:
  login: 1451629329456
  logout: 1451629627144
ipAddress: 73.70.144.107
logoutlocation:
  world: world
  x: 366.8174347120904
  y: 68.0
  z: 208.19514514377173
  yaw: 121.052
  pitch: -3.899993
