lastAccountName: iiHephaestus
timestamps:
  login: 1442705516638
  logout: 1442705765191
ipAddress: 75.38.173.160
lastlocation:
  world: world
  x: 330.2660763488578
  y: 153.0
  z: 201.02466801354598
  yaw: -149.16312
  pitch: 31.305841
logoutlocation:
  world: world
  x: 332.4048142444925
  y: 70.0
  z: 215.71394282988916
  yaw: -215.15234
  pitch: 40.862835
