lastAccountName: Herobrine
timestamps:
  login: 1442633822475
  lastteleport: 1442633944957
ipAddress: 70.179.42.123
lastlocation:
  world: world
  x: 262.5
  y: 90.0
  z: 594.5
  yaw: 160.62628
  pitch: 11.089627
