lastAccountName: Codexx007
timestamps:
  login: 1442710913850
  logout: 1442711039954
ipAddress: 71.226.120.160
money: '400.0'
lastlocation:
  world: world
  x: 329.4922576990147
  y: 72.0
  z: 204.39635102889906
  yaw: 178.43277
  pitch: 41.13984
logoutlocation:
  world: world
  x: 337.21250025314265
  y: 73.5
  z: 195.91612248091448
  yaw: 33.955914
  pitch: -21.899998
