lastAccountName: saulb04
timestamps:
  login: 1443005138759
  lastteleport: 1443005400371
  logout: 1443005592792
ipAddress: 139.218.124.52
lastlocation:
  world: world
  x: 329.539881088348
  y: 71.0
  z: 196.70518310319142
  yaw: 180.72675
  pitch: 3.2902858
logoutlocation:
  world: world
  x: 332.3783886155569
  y: 73.0
  z: 152.76497914216466
  yaw: 159.06136
  pitch: 12.165291
