lastAccountName: gazza159
timestamps:
  login: 1442710216970
  lastteleport: 1442709677209
  logout: 1442710477046
ipAddress: 27.33.80.196
lastlocation:
  world: world
  x: 370.027213149972
  y: 214.0
  z: 287.3869256811224
  yaw: 219.98228
  pitch: 71.68383
money: '400.0'
logoutlocation:
  world: world
  x: 436.0327962327962
  y: 67.0
  z: -144.10268622050955
  yaw: -119.38245
  pitch: 36.865055
