lastAccountName: SNIPERUPABOVE
timestamps:
  login: 1442789502256
  logout: 1442789809230
ipAddress: 70.117.163.198
logoutlocation:
  world: world
  x: 328.6938254989648
  y: 81.0
  z: 203.44370582995114
  yaw: 258.5005
  pitch: 26.775265
