lastAccountName: moonwalker21904
timestamps:
  login: 1442240186822
  logout: 1442240208657
ipAddress: 74.101.241.48
logoutlocation:
  world: world
  x: 316.0091559326177
  y: 68.5
  z: 195.50401632425246
  yaw: 73.866486
  pitch: 15.2422905
