lastAccountName: ColonelAce
timestamps:
  login: 1442803572945
  lastteleport: 1442803615386
  logout: 1442803626565
ipAddress: 97.85.202.81
lastlocation:
  world: world
  x: 332.30000001192093
  y: 150.0
  z: 211.96481348997725
  yaw: -311.25003
  pitch: 75.30002
logoutlocation:
  world: world
  x: 326.3948259773753
  y: 71.0
  z: 208.43414906341275
  yaw: 168.98396
  pitch: 32.221302
