lastAccountName: antokova
timestamps:
  login: 1440362024573
  logout: 1440362053887
ipAddress: 99.224.82.107
lastlocation:
  world: world
  x: 327.5
  y: 79.0
  z: 205.5
  yaw: 0.0
  pitch: 0.0
nickname: ILoveMunkey04
logoutlocation:
  world: world
  x: 335.63587645000274
  y: 71.0
  z: 209.8014154537279
  yaw: 195.86111
  pitch: 2.5222862
