lastAccountName: GalleNoah
timestamps:
  login: 1440365352664
  lastteleport: 1440365397076
  logout: 1440365426813
ipAddress: 99.224.82.107
lastlocation:
  world: world
  x: 328.5260262509624
  y: 71.0
  z: 206.32721619249378
  yaw: -359.76282
  pitch: 13.825657
logoutlocation:
  world: world
  x: 335.1844001485487
  y: 72.0
  z: 195.23460748895042
  yaw: 65.35133
  pitch: 13.354681
