money: '1500.0'
lastAccountName: M_Tim
timestamps:
  login: 1453103847777
  kits:
    hyper: 1453103640193
  lastteleport: 1453104209823
ipAddress: 122.201.22.227
logoutlocation:
  world: world
  x: 1008.5998946317145
  y: 78.65950532056486
  z: 134.29280999717844
  yaw: 5.3467903
  pitch: 37.601696
lastlocation:
  world: world_nether
  x: 47.69093195992994
  y: 139.0
  z: -91.91704850647902
  yaw: 133.84558
  pitch: 49.18636
