lastAccountName: rdancer9
timestamps:
  login: 1442271094366
  logout: 1442271148779
ipAddress: 67.2.49.109
logoutlocation:
  world: world
  x: 329.5039886845828
  y: 72.0
  z: 204.46567781395055
  yaw: 181.16798
  pitch: 1.4288276
