lastAccountName: BunnyHops219
timestamps:
  login: 1442638783080
  logout: 1442639370968
ipAddress: 24.23.1.12
logoutlocation:
  world: world
  x: 330.5
  y: 68.0
  z: 165.5
  yaw: 187.14975
  pitch: 52.60931
lastlocation:
  world: world
  x: 289.2386109717344
  y: -2111.6944685143562
  z: 138.4872964247475
  yaw: 327.26678
  pitch: -0.30000228
