lastAccountName: Minecart11
timestamps:
  login: 1453178040211
  lastteleport: 1453179710270
  logout: 1453061776035
  kits:
    bowfight: 1443897858954
    hyperpvp: 1443909569034
    starter: 1443938428105
    turbo: 1442725809314
    notch: 1440381503768
    tools: 1441558419492
    hyper: 1451779437539
ipAddress: 68.107.121.158
money: '6399050012186.0'
lastlocation:
  world: world
  x: 336.149717740351
  y: 65.0
  z: 202.94184759256413
  yaw: -184.74554
  pitch: 23.700035
afk: false
logoutlocation:
  world: world
  x: 701.3329932218339
  y: 93.85434060391299
  z: 152.40915157448106
  yaw: -83.35635
  pitch: 28.85952
godmode: false
homes:
  ds:
    world: world
    x: 100.13230655378929
    y: 230.0
    z: 100.51849297226316
    yaw: 43.466003
    pitch: 67.7491
  d:
    world: world
    x: 100.13230655378929
    y: 230.0
    z: 100.51849297226316
    yaw: 43.236603
    pitch: 67.7491
  fhome:
    world: world
    x: 5337.543761264274
    y: 15.0
    z: -2816.7049914465697
    yaw: -58.573303
    pitch: 18.659403
powertools:
  '256':
  - lightning
  '77':
  - punish slap Minecart11
  '276':
  - tnt
