lastAccountName: jerdawg5
timestamps:
  login: 1441652764823
  logout: 1441652949706
ipAddress: 71.245.6.95
nickname: "\xa72JDawg"
lastlocation:
  world: world_nether
  x: 100.15947169922397
  y: 201.10408037809304
  z: -1736.3829440700845
  yaw: -20.265543
  pitch: -0.7500933
logoutlocation:
  world: world
  x: 330.0637197394117
  y: 80.5
  z: 203.14585300406628
  yaw: 34.618744
  pitch: 53.94532
