lastAccountName: jacketman66
timestamps:
  login: 1442710948407
  logout: 1442711045066
ipAddress: 107.2.50.136
logoutlocation:
  world: world
  x: 329.84049609339786
  y: 71.0
  z: 208.53317660215424
  yaw: -1.6114093
  pitch: 6.5021267
