lastAccountName: Souper_Man
timestamps:
  login: 1442809167593
  logout: 1442809184186
ipAddress: 172.88.140.141
logoutlocation:
  world: world
  x: 329.5006868859969
  y: 70.0
  z: 184.324725611484
  yaw: 179.68002
  pitch: 2.2436152
lastlocation:
  world: world
  x: 334.00515097060406
  y: 207.47997370613078
  z: 64.02700404719992
  yaw: 183.86682
  pitch: 30.210672
