lastAccountName: TheMiner1209
timestamps:
  login: 1442706362847
  lastteleport: 1442706520417
  logout: 1442706564469
ipAddress: 99.233.178.96
lastlocation:
  world: world
  x: 494.44330478335456
  y: 220.0
  z: 287.5134092841732
  yaw: 201.16602
  pitch: -34.19995
logoutlocation:
  world: world
  x: 1289.4170534815444
  y: 63.0
  z: -5.904904960108041
  yaw: 333.68152
  pitch: 14.249991
