lastAccountName: moonwalker21904
timestamps:
  login: 1441558858035
  mute: 0
  lastteleport: 1441558440009
ipAddress: 74.101.241.48
nickname: "\xa73ImTheDogOfAnnoyingPeopleYAY"
lastlocation:
  world: world
  x: 721.685773533937
  y: 64.0
  z: -133.99281940137809
  yaw: -264.8177
  pitch: 69.10217
muted: false
afk: false
logoutlocation:
  world: world
  x: 639.8036458295082
  y: 57.0
  z: -288.3874935793234
  yaw: -311.92926
  pitch: 59.9292
