world: world
x: 329.40743388878315
y: 88.0
z: 204.7522289272362
yaw: 182.47902
pitch: 35.175587
name: afk
