world: world
x: 307.33702695050187
y: 58.0
z: 209.69999998807907
yaw: 181.31915
pitch: 15.000013
name: Apply
