world: world
x: 329.5973994079152
y: 140.0
z: 193.36295083253165
yaw: -358.53717
pitch: 7.419393
name: FreeFood
