world: world
x: 359.22521388292296
y: 214.0
z: 288.55583503081516
yaw: 268.81546
pitch: 34.946064
name: ParkourPvP
