world: world_nether
x: 43.48876140535432
y: 152.0
z: -100.77125281373354
yaw: 0.13134766
pitch: 16.500147
name: PVP
