world: world
x: 329.4976983203269
y: 66.0
z: 204.64129359241457
yaw: -182.79497
pitch: 16.824419
name: Shop
