world: world
x: -72.59411635289803
y: 70.0
z: 265.68442719161374
yaw: -344.89267
pitch: 90.0
name: spawn
