world: world
x: 332.4960006044557
y: 58.0
z: 207.51717561303502
yaw: -88.98448
pitch: 10.649945
name: Staff
